;Absendeort;count;latitude;longitude
0;Unbekannt;189;;
1;Stuttgart;115;48.7775;9.18
2;Bischofszell;85;47.5;9.23333333
3;Tübingen;68;48.52;9.055556
4;St. Gallen;65;47.42416667;9.37083333
5;Bern;65;46.94805556;7.4475
6;Zürich;63;47.374444;8.541111
7;Stein;61;47.659444;8.859167
8;Konstanz;48;47.66666667;9.18333333
9;Steinegg;48;47.32195;9.43146
10;München;38;48.139722;11.574444
11;Donaueschingen;35;47.95305556;8.50333333
12;Koblenz;35;50.35972222;7.59777778
13;Heiligenberg;30;47.82083333;9.3125
14;Göttingen;28;51.533889;9.935556
15;Rastatt;26;48.85;8.2
16;Basel;25;47.55472222;7.59055556
17;Rosenberg;25;50.244869;11.327969
18;Meersburg;24;47.7;9.26666667
19;Aarau;24;47.4;8.05
20;Berlin;22;52.52;13.405
21;Schaffhausen;22;47.7;8.63333333
22;Kassel;20;51.3158;9.4979
23;Sigmaringen;19;48.08666667;9.21638889
24;Krauchenwies;15;48.01694444;9.25027778
25;Wien;14;48.208333;16.3725
26;Augsburg;14;48.36888889;10.89777778
27;Mannheim;13;49.48777778;8.46611111
28;Bregenz;13;47.505;9.74916667
29;Ansbach;12;49.3;10.58333333
30;Thun;11;46.76666667;7.63333333
31;Karlsruhe;10;49.0092097;8.4039514
32;Hugstetten;9;48.068056;7.783611
33;Frauenfeld;9;47.55;8.9
34;Winterthur;9;47.49888889;8.72861111
35;Rüschhaus;8;51.9856;7.55111
36;Luzern;8;47.05207;8.30585
37;Rottenburg;8;48.477222;8.934444
38;Arenenberg;7;47.67277778;9.05916667
39;Eppishausen;7;48.16666667;10.51666667
40;Leipzig;6;51.34;12.375
41;Baden-Baden;6;48.76277778;8.24083333
42;Bückeburg;6;52.260833;9.049167
43;Florenz;6;43.783333;11.25
44;Baden (Aargau);5;47.47291;8.30799
45;Würzburg;5;49.794444;9.929444
46;Weinsberg;4;49.15180556;9.28569444
47;Mörschwil;4;47.466663;9.41667
48;Hohentwiel;4;47.76472222;8.81888889
49;Ofen;4;47.495556;19.039722
50;Friedrichshafen;4;47.65;9.48333333
51;Reiden;4;47.25;7.96666667
52;Paris;4;48.85666667;2.35222222
53;Hüfingen;4;47.926111;8.49
54;Neuenburg;4;;
55;Zofingen;4;47.28333333;7.93333333
56;Weinburg;3;47.474194;9.575889
57;Straßburg;3;48.573333;7.752222
58;Gomaringen;3;48.452;9.1
59;Rorschach;3;47.478611;9.493611
60;Lenzburg;3;47.38333333;8.18333333
61;Ulm;3;48.4;9.98333333
62;Regensburg;3;49.01666667;12.08333333
63;Pfrondorf;3;48.54861111;9.1125
64;Inzigkofen;3;48.07166667;9.17555556
65;Weissenburg;3;49.0375;7.946111
66;Zug;3;47.16805556;8.51694444
67;Radolfzell;3;47.73333333;8.96666667
68;Fulda;2;50.55083333;9.67527778
69;Kempten;2;47.73333333;10.31666667
70;Bonn;2;50.73333333;7.1
71;Geisingen;2;47.92222222;8.64638889
72;Dresden;2;51.05;13.74
73;Pest;2;47.505463;19.091951
74;Neuburg;2;;
75;Neuburg;2;;
76;Dornbirn;2;47.41388889;9.74444444
77;Zihlschlacht;2;47.5233;9.2604
78;Biethingen;2;;
79;Ravensburg;2;47.78305556;9.61138889
80;Rom;2;41.893056;12.482778
81;Hechingen;2;48.35166667;8.96333333
82;Lindau;1;47.54583333;9.68333333
83;Brauneberg;1;49.90833333;6.98527778
84;Heidelberg;1;49.41666667;8.71666667
85;Dreissigacker;1;50.559722;10.387222
86;Leonberg;1;48.80138889;9.01305556
87;Pilsen;1;49.741389;13.3825
88;Öttingen;1;48.955278;10.605278
89;Feuerthalen;1;47.68333333;8.65
90;Gottlieben;1;47.66666667;9.13333333
91;Pfullendorf;1;47.92416667;9.25666667
92;Pfäfers;1;46.98915;9.5009
93;Röhrenbach;1;47.820833;9.3125
94;Kupferzell;1;49.23333333;9.68333333
95;London;1;51.50722222;-0.1275
96;Solothurn;1;47.21666667;7.53333333
97;Bruchhausen;1;50.60388889;7.25305556
98;Lostorf;1;47.38333333;7.95
99;Darmstadt;1;49.87222222;8.65277778
100;Darmstadt;1;49.866666666667;8.65
101;Kemperfeld;1;51.638516;9.410774
102;Nizza;1;43.7045;7.262
103;Graz;1;47.07083333;15.43861111
104;Altikon;1;47.56666667;8.78333333
105;Schinznach;1;47.45;8.15
106;Bozen;1;46.49926;11.35661
107;Mailand;1;45.4625;9.186389
108;Gotha;1;50.94888889;10.71833333
109;Barchfeld;1;50.80055556;10.30388889
110;Süssen;1;48.679722;9.7575
111;Venedig;1;45.439722;12.331944
112;Löhningen;1;47.699996;8.533329
113;Stühlingen;1;47.745278;8.445833
114;Neustadt;1;49.58;10.608889
115;Messkirch;1;47.992778;9.1125
116;Nymphenburg;1;48.156944;11.516667
117;Wernigerode;1;51.835;10.78527778
118;Küsnacht;1;47.31833;8.582502
119;Kirchberg;1;49.203889;9.981389
120;Kirchberg;1;47.086111;7.586119
121;Arbon;1;47.51666667;9.43333333
122;Bökendorf;1;51.77147;9.2184
123;Zeil;1;47.866111;9.994167
124;Leutstetten;1;48.029167;11.369444
125;Engen;1;47.852778;8.771389
126;Bubenbach;1;47.963889;8.271944
127;Neuhaus;1;46.68333;7.849995
128;Erpernburg;1;51.593722;8.599205
129;Engelberg;1;46.82104194;8.40897611
130;Aschaffenburg;1;49.96666667;9.15
131;Erolzheim;1;48.09111111;10.07194444
132;Mainz;1;49.98333333;8.26666667
133;Goree;1;14.667022;-17.398536
134;Breslau;1;51.11;17.032222
135;Sondelfingen;1;48.517778;9.226944
136;Alme;1;51.455833;8.620278
137;Mühlheim;1;48.030556;8.885833
138;Berg am Irchel;1;47.56666667;8.6
139;Wittelsbach;1;;
140;Willenberg;1;49.751028;11.502889
141;Buchackern;1;47.5399;9.2339
142;Kehl;1;48.56666667;7.81666667
143;Riegel;1;48.150556;7.75
