;Absendeort;count;latitude;longitude
0;Eppishausen;621;48.16666667;10.51666667
1;Meersburg;463;47.7;9.26666667
2;Unbekannt;133;;
3;Donaueschingen;123;47.95305556;8.50333333
4;Heiligenberg;84;47.82083333;9.3125
5;Konstanz;29;47.66666667;9.18333333
6;Baden (Aargau);18;47.47291;8.30799
7;Aarau;12;47.4;8.05
8;Sigmaringen;8;48.08666667;9.21638889
9;Scheer;8;48.073611;9.293333
10;Helmsdorf;5;47.666667;9.366667
11;Karlsruhe;5;49.0092097;8.4039514
12;Radolfzell;4;47.73333333;8.96666667
13;Überlingen;4;47.766667;9.158333
14;Bern;4;46.94805556;7.4475
15;Rüschhaus;3;51.9856;7.55111
16;Wien;3;48.208333;16.3725
17;Luzern;2;47.05207;8.30585
18;Hendorf;2;;
19;Zug;2;47.16805556;8.51694444
20;St. Gallen;2;47.42416667;9.37083333
21;Hülshoff;2;51.971621;7.503854
22;Zürich;2;47.374444;8.541111
23;Wolfach;1;48.3;8.21666667
24;Ägeri (Zug);1;47.136104;8.613887
25;Bachzimmern;1;47.956668;8.712043
26;Basel;1;47.55472222;7.59055556
27;Süssen;1;48.679722;9.7575
28;Ofterach;1;;
29;Neufra;1;48.24666667;9.18277778
30;Jungenau;1;48.1402;9.2097
31;Altenau;1;;
